uint8 _RS9116_HP_MODE_REGION_BASED_RATE_VS_MAXPOWER_SINGLE_BAND_NONHPM[128] = {//{{{
4,//NUM_OF_REGIONS
    FCC, 0xB,//NUM_OF_CHANNELS
//   rate,  11b, 11g, 11n, 11ax
        1,  34,  26,  21,  20,
        2,  34,  28,  28,  26,
        3,  40,  34,  34,  32,
        4,  40,  36,  36,  34,
        5,  40,  36,  36,  36,
        6,  40,  36,  36,  36,
        7,  40,  36,  36,  36,
        8,  38,  34,  36,  34,
        9,  38,  34,  36,  30,
       10,  34,  30,  30,  22,
       11,  34,  24,  22,  20,
    ETSI,0x11,
       255, 36,  36,  36,  24,
    TELEC,0x24,
        2,  34,  28,  32,  32,
       10,  34,  34,  34,  34,
       13,  34,  26,  24,  24,
       14,  36,   0,   0,   0,
    KCC, 0x11,
       255, 36,  36,  36,  36,
};//}}}

